     21/49     3.75G   0.03111  0.007155   0.04306   0.01994    0.1013         5       640    0.1761    0.2779    0.2081    0.1336   0.03041    0.0083   0.06054
     22/49     3.74G   0.03105  0.007016   0.04191   0.01866   0.09864         3       640    0.2063     0.275    0.2165     0.146   0.02769  0.008124   0.06014
     23/49     3.74G   0.03101  0.007145   0.04145    0.0187    0.0983         2       640    0.1887    0.2821    0.2205    0.1482   0.02737  0.008383   0.06229
     24/49     3.74G   0.02968  0.006921   0.03983   0.01784   0.09427         3       640    0.1894    0.3494    0.2452     0.166   0.02747  0.008004   0.05802
     25/49     3.74G   0.02915   0.00692   0.03936   0.01715   0.09258         4       640    0.1847    0.3421    0.2488    0.1706   0.02708  0.008132   0.05906
     26/49     3.74G   0.02901  0.006847   0.03804   0.01717   0.09107         3       640     0.184    0.3943    0.2655     0.189   0.02516  0.007873   0.05683
     27/49     3.74G   0.02906   0.00682   0.03765   0.01734   0.09087         2       640    0.1909    0.3774    0.2798    0.1819   0.02584   0.00806   0.05587
     28/49     3.74G   0.02914  0.006784   0.03676   0.01698   0.08967         4       640    0.2118    0.3814    0.2885    0.2027   0.02485  0.008178   0.05587
     29/49     3.74G   0.02943  0.006745   0.03567   0.01743   0.08927         3       640    0.1939    0.4262    0.2978    0.2047   0.02403   0.00754   0.05547
     30/49     3.74G   0.02774  0.006641   0.03443   0.01592   0.08473         3       640    0.1898    0.4348    0.3095    0.2087   0.02454  0.007943   0.05289
     31/49     3.74G   0.02899  0.006629   0.03454   0.01673   0.08689         2       640    0.1791    0.4764    0.3255    0.2304   0.02347  0.007498   0.05307
     32/49     3.74G    0.0271  0.006553   0.03221   0.01541   0.08127         9       640    0.1935    0.4349    0.3176    0.2264    0.0255  0.007562   0.05361
     33/49     3.74G   0.02722   0.00643   0.03169   0.01567     0.081         5       640    0.1748    0.4657    0.3309    0.2429   0.02295  0.007476   0.05166
     34/49     3.74G   0.02681  0.006459    0.0314   0.01553   0.08021         4       640    0.2068    0.4629    0.3413    0.2419   0.02339  0.007599   0.05092
     35/49     3.74G   0.02636  0.006299   0.03019   0.01543   0.07827         6       640    0.1928    0.4726    0.3292    0.2364   0.02264   0.00751   0.05076
     36/49     3.74G   0.02654  0.006362   0.02963   0.01479   0.07733         2       640    0.2057    0.4887    0.3547     0.254   0.02256  0.007749   0.04959
     37/49     3.74G   0.02617  0.006373   0.02987   0.01546   0.07788         2       640    0.2093    0.4777    0.3662    0.2665   0.02273  0.007728   0.05033
     38/49     3.74G   0.02556  0.006244   0.02812   0.01432   0.07424         2       640    0.1941    0.4949    0.3743    0.2732   0.02248  0.007153   0.04828
     39/49     3.74G   0.02505  0.006164   0.02757   0.01405   0.07284         2       640    0.2068    0.5018    0.3839     0.289   0.02091  0.007026    0.0476
     40/49     3.74G   0.02512  0.006079   0.02728   0.01363   0.07212         3       640    0.2096    0.4924    0.3933    0.2921   0.02207   0.00715   0.04719
     41/49     3.74G   0.02489  0.006177   0.02737   0.01355   0.07198         2       640    0.2028    0.4908    0.4029    0.3093   0.02075  0.007378   0.04633
     42/49     3.74G   0.02444  0.006049   0.02663   0.01321   0.07033         2       640    0.2123    0.5051    0.4111    0.3063   0.01997  0.007192   0.04636
     43/49     3.74G   0.02429  0.006116   0.02658   0.01392   0.07091         4       640    0.1908    0.5144    0.4139    0.3079    0.0211  0.007126    0.0465
     44/49     3.74G   0.02411  0.006081   0.02608   0.01262   0.06889         3       640    0.2171    0.5018     0.428    0.3259   0.02116  0.006956   0.04492
     45/49     3.74G   0.02408  0.006072   0.02542   0.01261   0.06819         2       640    0.2197    0.5096    0.4362    0.3277   0.02064  0.006983   0.04368
     46/49     3.74G   0.02405   0.00606   0.02462   0.01255   0.06728         6       640    0.2222    0.5171     0.439     0.332   0.02084  0.006969   0.04246
     47/49     3.74G   0.02371   0.00611   0.02388    0.0121    0.0658         3       640    0.2169    0.5176    0.4482    0.3414   0.01975  0.006956    0.0419
     48/49     3.74G   0.02307  0.005918   0.02323   0.01202   0.06424        10       640    0.2406    0.5161    0.4452    0.3366   0.01964  0.006951   0.04188
     49/49     3.74G   0.02341  0.005803   0.02278   0.01212   0.06411         2       640    0.2351    0.5291    0.4659    0.3516   0.02018  0.006912   0.03955
