     21/49     3.72G    0.1083   0.01433   0.04482    0.1595     0.327        23       640         0         0         0         0    0.1302   0.01463    0.1627
     22/49     3.71G   0.08735   0.01521   0.04058     0.118    0.2612        17       640         0         0 4.452e-05 9.316e-06    0.1248   0.01608    0.1801
     23/49     3.71G    0.1031   0.01456   0.05129    0.1438    0.3127        18       640 0.0004938  0.009852 6.222e-05 6.885e-06     0.134   0.04347    0.5372
     24/49     3.55G   0.08257   0.01464   0.03753    0.1159    0.2507        25       640         0         0 4.602e-05 5.902e-06    0.1379   0.01629    0.3453
     25/49     3.55G   0.09836    0.0166   0.04461    0.1437    0.3033        20       640         0         0 2.306e-05  4.12e-06    0.1359  0.009845    0.1977
     26/49     3.55G   0.09443   0.01447    0.0353    0.1153    0.2595        26       640         0         0  7.65e-06 1.704e-06    0.1363   0.01081    0.2271
     27/49     3.55G   0.09655   0.01653   0.03551    0.1263    0.2749        26       640         0         0 3.085e-05 6.063e-06    0.1305   0.01308    0.2352
     28/49     3.56G   0.08502   0.01455   0.03192   0.09981    0.2313        21       640         0         0 4.458e-05 5.499e-06    0.1204   0.01527     0.194
     29/49     3.56G   0.09157   0.01464   0.03975    0.1106    0.2566        26       640         0         0    0.0012 0.0001207     0.126   0.01532    0.1958
     30/49     3.56G   0.08666   0.01573   0.03239   0.09615    0.2309        34       640         0         0 2.313e-05 4.595e-06    0.1219   0.01984    0.1547
     31/49     3.56G    0.0992   0.01469   0.03239    0.1138      0.26        25       640         0         0 4.359e-05 7.967e-06     0.119   0.02215    0.1661
     32/49     3.56G   0.09914   0.01561   0.03377    0.1133    0.2618        24       640         0         0 0.0001636 2.986e-05    0.1164   0.02854    0.1839
     33/49     3.56G   0.09223   0.01551   0.03259   0.09367     0.234        17       640         0         0 0.0001703 2.296e-05    0.1093   0.02549    0.1905
     34/49     3.56G    0.0901   0.01413   0.03397    0.1013    0.2395        18       640         0         0  0.008887 0.0009172    0.1168   0.03283    0.2215
     35/49     3.56G   0.08816   0.01555   0.03943    0.1019     0.245        14       640         0         0 0.0001352 3.168e-05     0.117   0.02393    0.1707
     36/49     3.56G   0.08256   0.01446   0.02901   0.08291    0.2089        29       640 0.0001314  0.009852 0.0009193 0.0001652    0.1069   0.03467    0.1916
     37/49     3.56G   0.07056   0.01493   0.02834   0.06488    0.1787        22       640         0         0 0.0002201 4.454e-05    0.1098    0.0283    0.1713
     38/49     3.56G   0.08102   0.01515   0.02981   0.08302     0.209        21       640         0         0 0.0003505  9.77e-05    0.1158   0.02395    0.1604
     39/49     3.56G   0.08517   0.01587   0.03619   0.08438    0.2216        24       640 0.0004932  0.004926 0.0001521 1.782e-05    0.1234   0.05148    0.2058
     40/49     3.56G   0.08318   0.01458    0.0285   0.08402    0.2103        30       640 0.0006047   0.02463 0.0001583  1.85e-05     0.121   0.07537    0.2154
     41/49     3.56G   0.07256   0.01512   0.02822    0.0652    0.1811        27       640 0.0003263   0.02463 0.0001712 2.007e-05    0.1194    0.0819    0.2118
     42/49     3.56G   0.06769   0.01514   0.02911   0.06322    0.1752        24       640 0.0005269    0.0197 0.0002492 2.803e-05    0.1162   0.04328    0.1742
     43/49     3.56G   0.07152    0.0148   0.02757   0.06869    0.1826        29       640         0         0 0.0001162 2.397e-05    0.1046   0.02974    0.1527
     44/49     3.56G   0.07999   0.01447   0.03475   0.07984     0.209        18       640 0.0008446    0.0197  0.000321 4.829e-05    0.1113   0.02997    0.1495
     45/49     3.56G   0.08025   0.01366   0.03108   0.07438    0.1994        29       640  0.001508   0.02463 0.0006696 8.673e-05    0.1068   0.03286    0.1552
     46/49     3.56G   0.07332   0.01408   0.02752   0.06623    0.1811        21       640 0.0003208  0.009852 0.0001568 2.093e-05    0.1031   0.05496    0.1708
     47/49     3.56G    0.0766   0.01364   0.02893   0.07724    0.1964        25       640  0.000464   0.02463 0.0006021 7.593e-05    0.1139   0.06427    0.1779
     48/49     3.56G   0.07827   0.01312   0.03186   0.06936    0.1926        18       640 4.904e-05  0.009852 0.0001899 4.095e-05    0.1073    0.1243    0.2036
     49/49     3.56G    0.0792   0.01325   0.02722   0.08711    0.2068        22       640         0         0 0.0001233 3.063e-05    0.1114   0.07172    0.1879
